#type #avg_gauss_curv #avg_rel_err_gauss #avg_mean_curv #avg_rel_err_mean_curv #surf #vol #spher
T0_WT-1-1 0.142550797663 6.96277093586 0.151784835961 3.36526878654 20.504303 7.232588 0.882066986241
T0_WT-1-2 0.432223989599 3.92817441876 0.653201013994 1.18911423385 44.825012 23.84362 0.893741259823
T0_WT-1-3 0.118856620416 8.87105059188 0.189877697443 2.68338551691 59.745121 29.737057 0.776927164168
T0_WT-1-4 0.285333729996 4.47746719667 0.538060585951 1.23032704851 67.174835 33.924465 0.754430939986
T0_WT-1-5 1.06403498755 4.02638675488 0.774585685997 1.58522368469 6.572748 1.135618 0.800863728017
T0_WT-3-1 2.43739665292 2.97872083155 1.48663548408 1.12165090603 8.326758 2.051189 0.937587777694
T1_WT-1-7 0.501494022506 5.16925832791 0.393167994136 2.37158040005 13.097087 3.54297 0.858132529603
T1_WT-1-8 0.210256092009 12.3413593248 0.323229574899 2.62992064555 27.721649 6.794921 0.625827498532
T1_WT-1-9 0.283312980314 8.91061859316 0.233241858235 3.34424478093 12.765911 3.347084 0.847637229263
T1_WT-1-10 1.37293827769 2.60307237639 1.24769701121 0.733828259012 13.519486 3.641504 0.846664027611
T1_WT-2-3 0.215276677957 5.52947326224 0.301147534107 2.06647557982 29.663881 10.634385 0.788371731674
T3_WT-2-3 1.26569236204 6.49120491038 0.750776664776 2.14469722915 6.955407 1.414368 0.862415625807
T3_WT-2-4 0.653755701207 10.2037025425 0.425066925784 3.12230084758 8.224977 1.853954 0.87606533121
T3_WT-2-6 0.544030868709 6.39600677325 0.323129728684 3.0486604314 6.52713 1.257572 0.887323611968
T3_WT-2-7 0.938349266241 5.017870648 0.805525985076 1.59486095119 8.786226 1.987309 0.863211209254
T3_WT-3-7 0.127729483271 10.3754544568 0.11675584015 4.37117305965 15.769098 4.71584 0.870012162386
T3_WT-3-8 0.142472916396 9.39512679358 0.116794966435 4.43376268411 12.076363 3.565215 0.934555473779
T3_WT-3-9 2.69017135812 3.92576283551 1.63238928267 1.19354620599 8.012699 1.666013 0.848185524562
T1_PRA_10-3-2 0.502244219283 4.57628249748 0.325271916056 2.60515873275 7.018317 1.544177 0.920553782934
T1_PRA_10-3-3 1.3542736207 4.03150397608 0.698728717626 2.02238477324 4.413333 0.805389 0.948537545285
T1_PRA_10-3-4 0.753873202637 5.30439593131 0.604318411897 1.94761975162 11.306429 3.25997 0.940374917676
T1_PRA_100-1-4 0.255715206206 8.31102397409 0.243577561173 3.03291815727 23.754667 9.301962 0.900433245811
T1_PRA_100-1-5 0.289721578799 9.68254433965 0.263311823668 3.1386390689 24.33502 9.725672 0.9054520703
T1_PRA_100-2-2 0.319125193877 4.28159699653 0.315191091875 2.10781463022 17.309189 6.218224 0.944753006736
T1_PRA_100-3-2 0.704704932566 3.72601209667 0.551375626311 1.77903304652 10.516482 2.739893 0.900401092783
T1_PRA_100-3-4 0.647214273479 4.22092380833 1.0912302777 0.843057061992 23.304522 5.526876 0.648679801987
T3_PRA_10-2-1 0.631447184745 5.05420000489 0.517565833881 1.95932574004 12.369222 3.453666 0.893295748272
T3_PRA_10_bis-4-8 0.234513395303 10.959538024 0.279546611675 2.91236607026 34.122917 11.889345 0.738260950553
T3_PRA_10_bis-4-9 0.35122916739 11.6353336878 0.218187292143 4.15154688482 8.759564 2.104812 0.906728246308
T3_PRA_10_bis-4-10 0.842042326493 3.60060950035 0.935955439442 1.06027886833 18.777037 6.59578 0.905804498732
T3_PRA_100-1-3 1.12738871333 3.45298620416 0.736829633407 1.58601854753 7.840656 1.846494 0.928318406151
T3_PRA_100-1-4 0.981652793358 2.39320220805 1.06093899294 0.903585018827 15.313527 4.008905 0.796940764884
T3_PRA_100-1-6 0.518982314157 9.38007667225 0.339299905241 3.313433817 8.23883 1.688921 0.877748149999
T3_PRA_100-1-7 0.356019408536 7.31514526562 0.332558162646 2.59857430369 16.13377 4.624822 0.832041358585
T3_PRA_100-1-9 2.31836378047 5.99315005614 1.39621756059 1.62264930817 10.271728 2.255067 0.809618115164
T3_PRA_100-1-10 0.917085046197 7.77981969355 0.591037714452 2.38347999171 9.890609 2.405267 0.877748149999
T3_PRA_100-1-12 0.923057152507 6.32693552259 0.889134547045 1.55468145924 21.318878 7.931207 0.902151079898
T3_PRA_100-3-3 0.73213821852 7.50595673162 0.438549682915 2.83530144857 16.095339 4.940329 0.871541116527
T3_PRA_100-3-4 0.73213821852 7.50595673162 0.438549682915 2.83530144857 6.893967 1.578845 0.951132945066
T3_PRA_100-3-5 0.73213821852 7.50595673162 0.438549682915 2.83530144857 22.995607 8.422652 0.870572854785
T3_PRA_100_bis-4-4 0.814533294527 8.42315506673 0.582286031219 2.45645503585 9.491109 2.076892 0.829423639278
T3_PRA_100_bis-4-5 1.28701754098 10.1901271447 0.782738460892 2.47236621283 10.627617 2.217096 0.773697508783
T1_SIM_5-2-5 0.803724860765 3.36304238713 0.699848040634 1.40923884701 17.757607 6.666574 0.964646346091
T1_SIM_5-2-6 0.890359389999 2.89526898593 0.741159742175 1.33643141578 15.526617 5.598821 0.982060649182
T1_SIM_5-3-1 0.257183557639 5.38572792319 0.230836750084 2.71192965044 14.473778 4.544764 0.916733449479
T1_SIM_5-3-2 0.630230027494 4.1404210009 0.825137182588 1.06917303706 34.434586 13.982257 0.815093472836
T3_SIM_5-1-6 0.228930392715 9.8133160247 0.325806551 2.45160292236 42.441021 11.817968 0.591189634745
T3_SIM_5-1-7 0.253668297987 8.60058577903 0.462044445306 1.81104718438 41.067219 12.427157 0.631785988749
T3_SIM_5-1-8 0.250624736672 6.47797725008 0.378175856116 1.86837995081 52.599304 20.277304 0.683666403205
T3_SIM_5-2-5 0.231296619401 5.37310319386 0.414342248302 1.54773113479 42.094246 17.108763 0.762793704006
T3_SIM_20-3-13 0.291196690142 5.92789835658 0.373166701985 1.99017288759 23.374943 6.825948 0.744461399141
