#type #avg_gauss_curv #avg_rel_err_gauss #avg_mean_curv #avg_rel_err_mean_curv #surf #vol #spher
T0_WT-2-1 1.06830595021 3.41087173632 1.04323167255 0.986937644635 17.382215 5.671878 0.884837589874
T0_WT-2-2 0.173194820528 7.61348713767 0.182144863128 3.05077193207 20.651173 7.9277 0.931045361866
T0_WT-2-3 0.942221546895 3.82334945083 0.956382247684 1.14109850498 18.904741 6.644441 0.904105259141
T0_WT-1_bis-1 1.13878961257 1.95339090772 0.971542199068 0.888277835691 12.373056 3.868372 0.963147059914
T0_WT-1_bis-2 1.32026580871 2.00623784758 0.971604752833 1.04953315235 9.278261 2.521552 0.965597490345
T0_WT-1_bis-3 1.22961610405 2.29238268594 1.09006323681 0.82708541401 14.829264 4.902839 0.941158825116
T0_WT-1_bis-4 1.51450216876 1.83563877235 1.21068586576 0.801294846528 12.68583 4.075368 0.972619773307
T0_WT-1_bis-5 1.30544482906 2.36522408739 0.953513092425 1.11674038046 9.70252 2.618405 0.946870883595
T0_WT-1_bis-6 1.9097003191 2.28233927563 0.869497232047 1.57539036581 2.981878 0.437316 0.934382010086
T0_WT-1_bis-7 1.42723656995 2.10858905126 1.22234801154 0.762961818908 12.23103 3.44049 0.901089500994
T0_WT-2_bis-1 0.95560035871 2.2873963411 0.723705554044 1.26257636987 8.930224 2.366133 0.961570601187
T0_WT-2_bis-2 0.896120592899 3.01851129892 0.652112749914 1.59003931395 8.65063 2.090468 0.913970208829
T0_WT-2_bis-3 1.78622314746 2.40579522906 1.2311369874 1.02954800359 9.645251 2.553741 0.936745883436
T0_WT-2_bis-4 1.32901632233 2.04453646016 1.04057667567 0.950448589554 9.864319 2.702379 0.951147398172
T0_WT-2_bis-5 1.27074623406 4.26140644705 0.794685520366 1.75664244693 9.153196 2.368586 0.938795006464
T0_WT-2_bis-6 2.05910140428 3.44276446873 1.43065880857 1.12043817743 8.658779 1.946676 0.870742793745
T1_WT-1-1 0.355295811231 3.70498657165 0.326865213882 2.05244381109 15.324651 5.304512 0.959821467215
T1_WT-1-2 0.651606740788 3.42831642586 0.491496838069 1.80147389031 11.186144 3.289569 0.956231447478
T1_WT-1-3 0.61017637958 3.44150299974 0.464796071581 1.84852152126 11.163544 3.281215 0.956544395397
T1_WT-1-4 0.877888065771 3.23992363228 0.52053103811 1.92245246596 5.836325 1.262059 0.967678440582
T1_WT-1-5 0.390725117508 3.39708166617 0.363678994074 1.86741069754 16.368145 6.054787 0.981485475869
T1_WT-1-6 0.69547707287 3.14668423199 0.502101712196 1.80133026192 9.222239 2.485043 0.96206332684
T1_WT-2-1 2.27774739505 3.97314705159 1.40573354874 1.2097131625 9.029096 2.321772 0.939116642011
T1_WT-2-2 1.06394623073 5.95144813158 0.494575049622 2.78819089202 4.708068 0.855286 0.925512473564
T1_WT-2-4 0.376949058365 2.98558704454 0.401903363181 1.61157584926 15.661595 5.10668 0.915673266345
T1_WT-3-1 0.192838618659 2.97959694161 0.2449889879 1.84898204291 21.653051 8.831104 0.954204942535
T1_WT-3-2 0.463944207448 5.86198001739 0.223172218388 3.63835307136 4.09598 0.736059 0.962501360058
T3_WT-1-1 0.282007026636 3.79819821084 0.282997845129 2.15273119402 18.16885 6.722064 0.948036555304
T3_WT-1-2 0.377371128111 3.97560563455 0.32784342152 2.22397118993 12.024186 3.365164 0.903162502425
T3_WT-1-3 0.184051432368 8.17955434046 0.199744659683 2.95967605788 20.448168 7.490118 0.90536172331
T3_WT-1-4 0.305698788504 6.14503502887 0.237782893813 2.95261939047 10.280652 2.728941 0.91859949012
T3_WT-1-5 0.637061421903 4.28682282301 0.539652674278 1.83315544266 8.639081 1.781694 0.822694562161
T3_WT-2-1 3.31277643665 3.1432997947 1.6093157985 1.25310315678 3.475897 0.538995 0.921454057355
T3_WT-2-2 1.21162902146 7.19861039894 0.478527203239 3.22830650307 2.617166 0.291971 0.813228586021
T3_WT-3-1 0.13297248515 9.91544312519 0.170606213255 3.27599503757 35.884056 14.499495 0.801341841368
T3_WT-3-2 0.175362753635 5.97569016567 0.235326282499 2.40191064748 26.717382 11.266322 0.909658329877
T3_WT-3-3 0.148856475706 5.72126657462 0.163308460548 2.93915564255 15.676771 5.236875 0.930269863071
T3_WT-3-4 0.238210557773 6.16810033352 0.223080905895 2.77334011498 11.452797 2.924532 0.863528713947
T3_WT-3-5 0.140797848275 4.81866732491 0.206320520942 2.29810908332 26.261307 11.181345 0.920796774978
T3_WT-3-6 0.190479225408 6.36268693341 0.10699941333 4.67911551367 4.125311 0.69063 0.91592031683
T3_WT_bis-4-1 0.609749969555 2.48091500512 0.609983712211 1.24394057468 17.097397 6.059946 0.940156026821
T3_WT_bis-4-2 1.37883927335 1.68655837446 1.11580575516 0.830249742256 8.13036 1.841383 0.893587471912
T3_WT_bis-4-3 0.827774108889 2.12742272188 0.876596103756 0.866584021534 19.265247 6.745776 0.89618455893
T3_WT_bis-4-4 0.974895391268 1.45926852488 0.990745587058 0.687998028477 15.465837 5.325329 0.953545955003
T1_PRA_10-1-1 1.05282701385 3.52893335083 0.746153496117 1.61713995273 9.052741 2.062704 0.865622639035
T1_PRA_10-1-2 1.48827013925 3.76227323434 0.522870533752 2.56167577602 1.863036 0.222801 0.95398366395
T1_PRA_10-1-3 1.08090391611 4.57653859178 0.574969870879 2.27542301721 5.854413 1.168807 0.916563602676
T1_PRA_10-1-4 1.25843123363 3.60240134776 0.631683438596 2.04351611754 5.063727 1.020841 0.968246376322
T1_PRA_10-1-5 1.1898599347 4.43363722791 0.618226787046 2.1561708126 6.221204 1.363629 0.955888281733
T1_PRA_10-1-6 0.578670497518 6.86400731936 0.353656439709 2.88347155035 6.618834 1.466549 0.94312007805
T1_PRA_10-2-1 2.43432185715 2.3478900062 1.08799916099 1.42236671828 3.409723 0.565377 0.969743967477
T1_PRA_10-2-2 1.02714277058 3.29129818896 0.612153571986 1.85088498939 7.597928 1.891918 0.973622182489
T1_PRA_10-2-3 1.25002637965 2.67805634851 0.866328731629 1.28462988394 8.937866 2.352705 0.957110113713
T1_PRA_10-2-4 1.99015261003 3.25155385934 0.752302454875 2.08858605826 2.500454 0.351829 0.963872628497
T1_PRA_10-2-5 1.61216566395 2.69013486024 0.88532309234 1.49587979662 5.937692 1.297182 0.968724694253
T1_PRA_10-2-6 1.03239515967 3.98664418117 0.564938560167 2.05391719736 5.763483 1.21247 0.954068914043
T1_PRA_10-2-7 0.940725856847 4.3447330832 0.42791777655 2.60685910921 3.913311 0.687338 0.962468742161
T1_PRA_10-2-8 1.21835115528 3.13869461233 0.938714665435 1.21829152594 12.064569 3.610959 0.943453835371
T1_PRA_10-2-9 0.928445034338 3.73346879032 0.5009682313 2.19151355937 5.681517 1.231364 0.977861660467
T1_PRA_10-3-1 2.6833450932 2.80787271471 1.56981041155 1.06904165251 7.980989 1.995119 0.960299240015
T1_PRA_100-1-1 0.982307284798 3.1806810142 0.973410418394 1.00304542307 22.340366 8.484868 0.900514141783
T1_PRA_100-1-2 0.547847978061 4.92484247676 0.40321343216 2.24087716544 11.772392 3.357244 0.921031853498
T1_PRA_100-1-3 3.69517302714 2.02193327769 1.93317534982 0.769602717631 5.288956 1.091835 0.969509677106
T1_PRA_100-2-1 0.822677731367 5.14922831671 0.843436271746 1.35569716051 25.783329 10.369615 0.891908272944
T1_PRA_100-3-1 0.890160678201 2.42501111377 0.778690902126 1.21225015188 14.308769 4.54504 0.927342779934
T1_PRA_100-3-3 4.18817964629 2.05067412113 1.72481365042 1.05730056065 2.671762 0.380944 0.951174978998
T1_PRA_100-3-5 2.89750402394 1.43666646172 1.6167056246 0.765695214317 4.05618 0.694721 0.935205731234
T1_PRA_100-3-6 3.42427597507 2.04346504517 1.48857008265 1.12775194977 2.805604 0.408176 0.948468035554
T1_PRA_100-4-1 1.78833972244 2.38275992876 1.13992697213 1.16393878168 8.126486 2.059379 0.963249567621
T3_PRA_10-1-2 1.56196777856 2.10257749484 0.883867387336 1.36115071305 4.090915 0.685702 0.919222365456
T3_PRA_10-3-1 1.30465003565 3.26553443604 0.637064597469 1.92349635 3.552749 0.593844 0.961688635097
T3_PRA_10_bis-3-1 0.739289575787 5.09422002654 0.595575119765 1.93737804816 10.42574 2.061389 0.751306547558
T3_PRA_10_bis-4-1 1.13769718855 4.41322816912 0.865308769107 1.61295277459 8.728144 2.175636 0.930292848812
T3_PRA_10_bis-4-2 1.21087140983 6.51345221575 0.78856882393 2.02932914702 10.808269 2.873003 0.904243375234
T3_PRA_10_bis-4-3 2.33866566942 2.74027092104 1.32298410297 1.19498112365 4.499013 0.780568 0.911256575214
T3_PRA_10_bis-4-4 0.961800848672 4.67898903873 1.01689514944 1.27909824653 22.169754 7.157814 0.810171247219
T3_PRA_10_bis-4-5 1.03646740401 2.65473049949 1.05691740427 0.877391868928 16.608061 5.072514 0.859634821547
T3_PRA_10_bis-4-6 0.198209984719 13.4700407437 0.222274101651 3.51786578584 21.032003 5.855531 0.74698918773
T3_PRA_10_bis-4-7 0.607973141866 8.60649724988 0.346112006336 3.33802016581 7.849393 1.738468 0.890756816967
T3_PRA_10_tris-1-1 0.408344902547 2.62217903077 0.387986779871 1.77492272497 11.254175 3.213251 0.935693324756
T3_PRA_10_tris-1-2 0.439426702033 2.36356177639 0.412182780926 1.65259836876 11.741094 3.522469 0.953543073495
T3_PRA_10_tris-1-3 0.486565766843 1.91549300726 0.472223966052 1.39420505173 11.798844 3.619411 0.966206385305
T3_PRA_10_tris-1-4 0.913682400349 2.06870639973 0.728383664815 1.27319367334 8.506083 2.06926 0.923204373831
T3_PRA_100-1-1 0.508361023379 5.31523874065 0.475706574551 1.93499836044 17.618374 5.577887 0.863305969716
T3_PRA_100-1-2 1.63987860401 2.85457800696 1.09172721603 1.15119841541 7.650012 1.741379 0.855914596839
T3_PRA_100-1-8 0.770232145466 5.18841067163 0.524210378526 2.14222390639 7.42434 1.506282 0.816668907691
T3_PRA_100-2-1 0.824882142953 6.53732947185 0.603439517139 2.22043304551 7.698997 1.482498 0.85401631581
T3_PRA_100-3-1 0.73213821852 7.50595673162 0.438549682915 2.83530144857 6.146957 1.131002 0.935877757946
T3_PRA_100-3-6 0.73213821852 7.50595673162 0.438549682915 2.83530144857 4.033527 0.689652 0.91745518612
T3_PRA_100_bis-4-1 0.763397750525 4.13921808578 0.680744903401 1.47657359586 17.4799 6.038924 0.872563172676
T3_PRA_100_bis-4-2 0.823549880087 11.1229596517 0.651141455144 2.42264513234 11.731333 3.079571 0.875166593042
T3_PRA_100_bis-4-3 0.773494520636 7.65205865348 0.350442417024 3.58350018601 2.972894 0.39462 0.9018769831
T3_PRA_100_bis-5-1 0.505554725632 5.95118979972 0.501004416727 2.0136802835 13.365324 3.935175 0.905021071007
T3_PRA_100_bis-5-2 0.629459218865 6.95388719346 0.491588559361 2.30541243108 12.921873 3.760539 0.897666899263
T3_PRA_100_bis-5-3 1.19879269868 5.27170113963 0.650039993866 2.18036029693 5.78697 1.113329 0.866202340378
T3_PRA_100_bis-5-4 0.987224670009 5.09689753173 0.685184985912 1.97978690124 7.34172 1.507994 0.840913165425
T3_PRA_100_bis-5-5 1.86009489442 4.91633784476 0.823542654617 2.10734299739 3.39009 0.452603 0.862695001514
T3_PRA_100_bis-5-6 0.656711673789 6.98109983446 0.51923567708 2.26200253251 14.20771 4.035022 0.874227473765
T3_PRA_100_bis-6-1 0.969843461975 5.23147853812 0.665666902819 2.02124135834 9.385921 2.210171 0.914992455594
T1_SIM_5-1-1 0.938110051657 2.66170600858 0.723280462762 1.32539584895 9.638124 2.594448 0.947374226197
T1_SIM_5-1-2 0.934180197468 3.36446302431 0.718314742494 1.55356726537 7.151553 1.408888 0.849835194892
T1_SIM_5-1-3 1.17678830647 1.98229509269 0.977482116044 1.02104590442 9.501615 2.354936 0.900892015514
T1_SIM_5-1-4 1.07651606403 1.80209891572 0.93375305875 0.902544053367 10.289556 2.905269 0.956926010216
T1_SIM_5-1-5 0.978021927828 1.61105041119 0.874463413242 0.923324924073 9.784075 2.672023 0.951753427089
T1_SIM_5-1-6 1.07069451762 2.91659142951 0.929574621357 1.23124912841 10.492685 2.464097 0.840819275545
T1_SIM_5-1-7 0.672514274477 3.47472782479 0.708801413035 1.30785598544 15.09639 4.525633 0.876456855844
T1_SIM_5-1-8 0.36231203524 7.90273117147 0.404495517674 2.31277283741 15.966169 4.334687 0.805233562155
T1_SIM_5-1-9 1.16121317746 9.5126036215 0.733937341979 2.45177335705 9.10053 1.973398 0.83604027196
T1_SIM_5-1-10 0.53936863176 5.68436909206 0.409474855713 2.40790501618 10.194993 2.660332 0.910725970897
T1_SIM_5-1-11 0.457527171242 3.89363018848 0.420202962544 1.82917194229 16.179953 5.66849 0.950207444279
T1_SIM_5-1-12 0.552759472879 3.0522747379 0.549685403071 1.37826539522 18.872913 7.344063 0.968135366952
T1_SIM_5-2-1 0.627784641017 2.89130518934 0.714547021491 1.13556265725 19.066536 7.425707 0.965393052977
T1_SIM_5-2-2 0.602049545463 2.42591269663 0.679310432818 1.05435244436 25.093086 11.28721 0.96973801937
T1_SIM_5-2-3 0.695576445541 3.42302716203 0.489899887738 1.90168108859 8.468534 2.118348 0.94190563896
T1_SIM_20-1-1 0.961593637996 2.34454847285 0.962863321923 0.856222407202 20.813057 8.490676 0.96703694555
T1_SIM_20-1-2 0.260326132768 6.54908598955 0.258579899949 2.73162182245 13.259602 3.904121 0.904279013895
T1_SIM_20-1-3 0.315634203742 8.20773032951 0.303163158535 2.63153661482 18.450052 6.427345 0.906096058554
T1_SIM_20-1-4 0.527724467231 5.33709885232 0.345250261498 2.68445264035 7.666882 1.744216 0.913970459825
T1_SIM_20-1-5 0.331816415196 9.25714693322 0.195049787485 4.12395219646 6.289984 1.302131 0.916792403026
T1_SIM_20-1-6 0.790293197673 3.47120094334 0.6565165209 1.4736259494 14.479069 4.886227 0.961743403198
T1_SIM_20-1-7 1.12813107221 2.40809119405 1.06704106799 0.858527397785 17.419847 5.931967 0.909715460791
T1_SIM_20-1-8 0.654884092876 4.48836615374 0.356261885432 2.7192996751 4.490154 0.766889 0.902355902776
T1_SIM_20-1-9 0.456069162793 4.36796950969 0.302426836962 2.61643285274 6.625027 1.436136 0.929166380863
T1_SIM_20-2-1 1.35305604327 1.79748279075 1.17524407537 0.721173186422 13.304076 4.392258 0.974895215293
T1_SIM_20-2-2 0.323205124753 3.23779661672 0.346411126059 1.799119552 19.845299 7.618872 0.943525334763
T1_SIM_20-2-3 0.357566757409 4.43283073227 0.295966279596 2.38473876894 13.39186 4.346151 0.961715025279
T1_SIM_20-2-4 0.513541438672 3.38138302518 0.420162119593 1.8543764709 11.943732 3.691826 0.967174550946
T1_SIM_20-2-5 0.372834913143 4.49280693557 0.322885740005 2.2336863301 16.160667 5.846308 0.971134256229
T1_SIM_20-2-6 0.271741609364 5.33848268512 0.208801180716 2.9938963874 9.751695 2.635439 0.946177530704
T3_SIM_5-1-1 1.32266130995 7.0484286884 0.939400712381 1.77888635731 10.954443 2.728516 0.862008333383
T3_SIM_5-1-2 1.47892818338 7.4811981246 0.9707091764 1.9654070715 10.954443 2.728516 0.862008333383
T3_SIM_5-1-3 1.02511004823 2.84260348171 0.948855165719 1.01834241932 18.043299 6.738001 0.956141559953
T3_SIM_5-1-4 1.47388042915 2.2483543124 1.18661077193 0.859991849839 13.995272 4.641384 0.961467078322
T3_SIM_5-1-5 0.655406616814 5.58114827898 0.625448212062 1.72277187794 18.231255 6.558928 0.929443021846
T3_SIM_5-2-1 0.826008198385 2.78484467232 0.759170568525 1.17651684616 17.460316 6.41466 0.956197835842
T3_SIM_5-2-2 1.415176513 2.73090126278 0.991472702037 1.20434989108 10.863067 3.142982 0.95519688777
T3_SIM_5-2-3 2.06827624301 2.55352023714 1.0694119285 1.32223366159 4.843535 0.961097 0.972373541553
T3_SIM_5-3-1 1.6930676147 3.95007084864 0.983372618576 1.62203559736 7.108522 1.500819 0.89177849507
T3_SIM_5-3-2 1.68822333621 3.97288785099 0.944602321579 1.67827511675 7.459631 1.734231 0.935774872645
T3_SIM_5-3-3 1.97337582717 4.22669658631 0.997318880298 1.74976237076 6.345058 1.299061 0.90740575189
T3_SIM_5-3-4 4.69345449889 3.25169292628 1.85368033738 1.24445068442 2.2824 0.257996 0.858685872013
T3_SIM_20-1-1 3.86553163268 1.11984336918 2.07928446429 0.484950937159 3.898904 0.657688 0.938040301631
T3_SIM_20-2-1 0.411178216377 3.25638200641 0.404399087069 1.7405423425 18.409552 7.053509 0.966149553693
T3_SIM_20-2-2 0.809694680227 2.98121502928 0.565066951275 1.60498472989 7.631319 1.870519 0.962038757942
T3_SIM_20-2-3 0.559779741708 3.44225285804 0.482397524989 1.71827054214 13.743752 4.427089 0.948689920558
T3_SIM_20-3-1 0.85435225269 2.88915718824 0.963615472015 0.935357721758 19.790899 6.131438 0.818578121089
T3_SIM_20-3-2 0.364166135167 4.86172976395 0.392643570052 1.87860046807 20.049021 7.380768 0.914376999579
T3_SIM_20-3-3 0.417119047322 4.02402844231 0.469649875154 1.63966147958 20.10791 7.083852 0.88708141597
T3_SIM_20-3-4 0.570531388783 3.46099267637 0.504397937933 1.70554439998 9.970943 2.389638 0.866900535715
T3_SIM_20-3-5 0.860650311856 2.49948449182 0.983977252707 0.859371778725 16.285797 5.141856 0.884616462457
T3_SIM_20-3-6 0.295463717593 4.12972987085 0.355952657857 1.87918247228 23.308178 8.701317 0.877739741136
T3_SIM_20-3-7 0.340643883664 3.26574358313 0.433136460205 1.47338689005 26.111765 10.396577 0.882215699701
T3_SIM_20-3-8 0.24199952192 4.88727804609 0.327006056173 1.84276738563 26.534674 9.871443 0.838669339461
T3_SIM_20-3-9 0.309643010329 3.50607432258 0.348778836262 1.80381801245 21.217276 7.834671 0.899100649003
T3_SIM_20-3-10 0.279493047783 2.65402382377 0.364093457931 1.51534933858 27.349112 12.364878 0.945512820009
T3_SIM_20-3-11 0.760084565197 1.97687569504 0.677215772955 1.19447410452 11.336983 3.176821 0.921824887175
T3_SIM_20-3-12 0.263331216651 8.80755028601 0.27126027671 2.7777393714 24.022766 8.858137 0.861832125267
T3_SIM_20-3-14 0.302845254934 4.24489933048 0.372170251855 1.83180137651 26.479958 10.225327 0.860369367394
